TRADING SIGNAL ALERT

PAIR: 1000BONK/USDT #1269
(MEDIUM RISK)

TYPE: SWING
SIZE: 1-4%
SIDE: LONG

ENTRY: 0.00738
SL: 0.006981          (-91.06%)

TAKE PROFIT TARGETS:

TP1: 0.007517      (29.7%)
TP2: 0.007687      (66.56%)
TP3: 0.008385      (223.31%)

LEVERAGE: 16x

TP1: 0.33 R:R
TP2: 0.73 R:R
TP3: 2.45 R:R

PROTECT YOUR CAPITAL, MANAGE RISK, LETS PRINT!